0.4958    1.0000
0.6053    0.9478
0.7153    0.8768
0.8160    0.7851
0.8988    0.6748
0.9571    0.5508
0.9901    0.4209
1.0000    0.2935
0.9935    0.1757
0.8921    0.1100
0.7739    0.0532
0.6417    0.0145
0.5018         0
0.3617    0.0129
0.2291    0.0502
0.1101    0.1056
0.0080    0.1702
    0     0.2879
0.0084    0.4155
0.0397    0.5457
0.0966    0.6704
0.1781    0.7816
0.2777    0.8744
0.3868    0.9466
0.4963    0.9049
0.6060    0.8516
0.7079    0.7786
0.7940    0.6870
0.8581    0.5806
0.8981    0.4630
0.9137    0.3414
0.9080    0.2227
0.8056    0.1574
0.6896    0.1084
0.5649    0.0820
0.4378    0.0813
0.3127    0.1064
0.1961    0.1541
0.0929    0.2182
0.0857    0.3368
0.0998    0.4586
0.1384    0.5766
0.2012    0.6838
0.2862    0.7763
0.3872    0.8504
0.4968    0.8156
0.6011    0.7608
0.6904    0.6851
0.7569    0.5948
0.8053    0.4944
0.8295    0.3819
0.8278    0.2670
0.7267    0.2070
0.6146    0.1700
0.5008    0.1592
0.3869    0.1687
0.2744    0.2045
0.1725    0.2634
0.1694    0.3782
0.1922    0.4910
0.2394    0.5920
0.3048    0.6830
0.3931    0.7596
0.4973    0.7314
0.5908    0.6719
0.6545    0.5938
0.7056    0.5090
0.7445    0.4169
0.7522    0.3088
0.6524    0.2603
0.5509    0.2458
0.4497    0.2453
0.3480    0.2586
0.2477    0.3061
0.2540    0.4142
0.2917    0.5067
0.3418    0.5921
0.4045    0.6709
0.4978    0.6503
0.5525    0.5820
0.6026    0.5076
0.6448    0.4289
0.6795    0.3491
0.5911    0.3374
0.4998    0.3324
0.4084    0.3364
0.3199    0.3471
0.3535    0.4273
0.3947    0.5065
0.4439    0.5814
0.4987    0.5035
0.5479    0.4218
0.4505    0.4213